00100000000011100000000000000000
00100001010011110000000000000000
00100001011110000000000000000000
10001101010011000000000000000000
00100001110011100000000000000001
00100000000011010000000000000001
00010001100000000000000000000110
01110001101011000110100000000010
00100001100011001111111111111111
00010101100000001111111111111101
10101101011011010000000000000000
00100001010010100000000000000100
00100001011010110000000000000100
00100001100011000000000000000001
10101101011011000000000000000000
00010101110010011111111111110011
00100001111010100000000000000000
00100011000010110000000000000000
