00000000000000001011100000100000 
00000001011000001010100000100000               
00000001010000000111100000100000          
00100001010011000000000110010000          
10001101010110010000000000000000        
10101101100110010000000000000000        
00100001100011000000000000000100          
00100001010010100000000000000100          
00100010111101110000000000000001          
00010110111010011111111111111010         
00000000000000001011100000100000         
00000000000000000110000000100000         
00000001111000000101000000100000         
00100001010011000000000110010000          
00000000000010010010100010000000          
00000000101011000010100000100000          
00010010111010010000000000010100          
00000000000000001011000000100000          
00000000000101101000000010000000          
00000001100100001000000000100000          
00100010000100000000000000001000          
00000000101100000000100000101010 
00010100001000000000000000001011
00100000000000010000000000001000
00000010000000011000000000100010
10001110000011010000000000000000
10001110000011100000000000000100
00000001110011010000100000101010
00010000001000000000000000000010
10101110000011100000000000000000
10101110000011010000000000000100
00100010110101100000000000000001
00000010110010010000100000101010
00010100001000001111111111110000
00100010111101110000000000000001
00000010111010010000100000101010
00010100001000001111111111101011
00000000000000001010000000100000
10001101100100110000000000000000
10101110101100110000000000000000
00100001100011000000000000000100
00100010101101010000000000000100
00100010100101000000000000000001
00010110100010011111111111111010
